20
20
4.116768417720109
0.6839783859890828
-0.7856776548615092
-0.2920888045302751
-1.0786212984520807
0.8943458181857118
-0.7990429578175472
-0.21064986454660026
0.09355114322025118
0.35100401414529275
-0.6402055614233468
-0.12414108617555734
-0.3455564571523222
0.3430464827239071
0.5719229986540361
0.6439716974841592
-0.7021753332756068
-0.09247374597361067
-0.05949740928523616
-0.24226510540871707
0.6839783859890827
4.5280971991573615
-0.060339434381991845
0.24043894005945218
-0.40221078995639753
0.37435787669062154
-0.37503956620623474
-0.6770277719455097
0.1258820134031927
0.349527374545155
0.4392535058687614
-0.5652230586090239
0.4167799612927992
-1.4928514334165022
-0.7637773909468556
0.5988506300541286
-0.5857920812160101
1.2205305085682148
0.40958197510451194
0.11476264031366537
-0.7856776548615092
-0.060339434381991824
7.082056858493397
-0.5105928691303794
-0.3122760502827362
-0.12467910404580611
-0.08137447875680048
-0.4820209071869945
-0.799053342165585
0.07323358634130821
-0.3599726118709354
-0.6665857476527144
-0.14432959706167325
-0.4115544872991945
0.215568502053825
0.5665346360700836
-0.49048995091490144
-0.1730322321712684
-1.362792293945619
1.1999300369505426
-0.2920888045302753
0.24043894005945213
-0.5105928691303793
4.293831921281804
-0.9230971446424602
-0.01935858458245747
-0.10562702513572236
0.041596370851221
0.9873142893019958
-0.18693457130234642
-0.27841116500978813
-1.0005457539363454
-0.7433777082373925
0.10549704892007371
-0.1892429255666477
-0.4577168826712765
-1.0038551282545811
0.07292873497502698
-0.7862304317233657
0.49908335952864036
-1.0786212984520807
-0.40221078995639753
-0.31227605028273603
-0.9230971446424602
4.879790962972929
0.20096993294578133
0.2447939963380858
0.34436892859971774
-0.5871586784935512
-0.7300725753395516
0.9342063537025178
-0.7384512928585798
-0.4083403102219157
-0.7872199606524676
-0.5221947025519141
0.06002343285169647
-0.4016312269964266
0.7280827452303925
0.3356871414554844
0.41065526520663637
0.8943458181857118
0.3743578766906216
-0.12467910404580622
-0.019358584582457292
0.2009699329457813
5.07267946342789
1.3724054613866312
0.28353890639311136
-0.8085909627289914
-1.2999919221144705
-0.7953686765924328
-0.3227838646060918
0.2414215376168859
-0.6658960159657042
1.1908872783622506
0.2577771642938023
0.2388884397625073
-0.6036947182215001
-0.1139246731844856
-0.7652988258943373
-0.7990429578175472
-0.3750395662062346
-0.0813744787568005
-0.1056270251357224
0.2447939963380858
1.3724054613866314
4.199210335473488
0.5291352885265908
-0.5195566955449084
0.040648931166118576
-0.9641328233562874
-0.0833526022085001
-0.5571513745872994
-0.3030973535231205
-0.7965550786147172
0.3078214526381792
0.4590468666818219
0.012389761223310957
0.17884655871622218
0.04355663118728221
-0.2106498645466
-0.6770277719455097
-0.48202090718699436
0.04159637085122088
0.3443689285997178
0.2835389063931115
0.5291352885265908
6.628205928630077
-0.09019684297277751
-0.40977518494891263
-0.3387115541600584
-0.6675083315029614
-0.3579163959476486
-0.7220718060293981
1.00380910466103
-0.3436112277064022
1.0001692984914687
0.0015302113998980635
0.814948508052488
-0.5419202300840873
0.09355114322025114
0.12588201340319247
-0.7990533421655848
0.9873142893019958
-0.5871586784935512
-0.8085909627289916
-0.5195566955449085
-0.09019684297277748
6.947250940559695
-0.3733819507608716
0.19237768776941758
-0.056593517410799536
-0.7747653439117389
-0.6845462978531058
0.1329738871446089
-0.9402758128033594
0.44768302252725395
0.5594903672453487
0.5953601719708413
-0.17496613262992747
0.35100401414529264
0.34952737454515503
0.07323358634130833
-0.18693457130234653
-0.7300725753395515
-1.2999919221144705
0.04064893116611869
-0.4097751849489125
-0.37338195076087144
5.188357158498833
-0.667506227241613
-0.3476329515173065
-1.8094621918633937
0.4870731881417519
0.027446041356175017
0.8586485676956157
-0.5313155930151325
-0.23735269610932616
0.3797224453786575
-0.0811649159165853
-0.640205561423347
0.4392535058687613
-0.3599726118709353
-0.27841116500978813
0.9342063537025176
-0.7953686765924329
-0.9641328233562872
-0.33871155416005827
0.19237768776941777
-0.667506227241613
5.531502860277415
0.2599461994219243
0.1289856127411624
0.3562812702739959
0.1292165401653732
-0.07346658337524374
0.0746318454387198
-0.2989874248900025
-0.7129131443693804
0.6887796335843334
-0.1241410861755574
-0.5652230586090238
-0.6665857476527144
-1.0005457539363454
-0.7384512928585798
-0.32278386460609176
-0.0833526022085001
-0.6675083315029614
-0.05659351741079958
-0.3476329515173065
0.2599461994219244
4.982958778974086
-0.2423065651524282
0.08647953258278396
-0.3637719706378064
-0.6829053401463534
-0.6585675475901396
-1.1507774632903356
0.36268148048635823
0.13326101225918652
-0.3455564571523221
0.4167799612927992
-0.1443295970616733
-0.7433777082373924
-0.4083403102219158
0.2414215376168859
-0.5571513745872991
-0.3579163959476485
-0.7747653439117388
-1.8094621918633937
0.12898561274116221
-0.24230656515242813
5.868511638559261
0.5086202726811216
-0.2937109934683789
-0.38690835833319276
0.7983926220777022
0.6400456155103523
-0.10301172347356408
-0.21490645143049955
0.3430464827239071
-1.4928514334165022
-0.4115544872991943
0.10549704892007379
-0.7872199606524677
-0.6658960159657045
-0.3030973535231205
-0.7220718060293982
-0.6845462978531057
0.4870731881417518
0.35628127027399586
0.08647953258278392
0.5086202726811216
5.806031604948009
0.2742356810418671
0.29001880020563114
0.03832861561389712
0.02451264900812496
-0.1424582677579313
0.5725457822640777
0.5719229986540361
-0.7637773909468555
0.21556850205382452
-0.1892429255666478
-0.5221947025519141
1.1908872783622506
-0.7965550786147174
1.00380910466103
0.13297388714460898
0.027446041356175014
0.12921654016537346
-0.3637719706378062
-0.29371099346837903
0.2742356810418672
5.468253892772715
-0.23901144611846625
0.19242028653675322
0.347770322636688
0.5940040302675375
-1.1181201772799587
0.6439716974841591
0.5988506300541286
0.5665346360700836
-0.4577168826712764
0.06002343285169639
0.2577771642938024
0.30782145263817917
-0.3436112277064022
-0.9402758128033594
0.8586485676956157
-0.0734665833752437
-0.6829053401463534
-0.38690835833319276
0.29001880020563103
-0.2390114461184663
4.944639356605533
-0.707095526775875
1.1336902469178978
-0.08249544907963802
0.2237165922299992
-0.7021753332756067
-0.5857920812160102
-0.49048995091490144
-1.0038551282545813
-0.4016312269964265
0.2388884397625074
0.45904686668182193
1.0001692984914685
0.447683022527254
-0.5313155930151324
0.07463184543871974
-0.6585675475901398
0.7983926220777025
0.038328615613897166
0.19242028653675314
-0.7070955267758747
4.767194589570465
-0.4799120286800773
0.6385924346291711
0.32291299981595295
-0.09247374597361059
1.2205305085682145
-0.17303223217126829
0.07292873497502698
0.7280827452303925
-0.6036947182214999
0.012389761223310968
0.0015302113998981513
0.5594903672453488
-0.23735269610932616
-0.29898742489000263
-1.1507774632903354
0.6400456155103523
0.024512649008125158
0.3477703226366883
1.1336902469178978
-0.4799120286800774
7.344446209880134
-0.32283728323686467
-0.8057667556093391
-0.05949740928523618
0.40958197510451216
-1.362792293945619
-0.7862304317233658
0.33568714145548434
-0.11392467318448557
0.1788465587162222
0.8149485080524881
0.5953601719708416
0.37972244537865757
-0.7129131443693804
0.3626814804863582
-0.10301172347356445
-0.14245826775793116
0.5940040302675372
-0.08249544907963799
0.6385924346291713
-0.3228372832368647
6.253793395311813
1.2561016414902448
-0.242265105408717
0.11476264031366533
1.1999300369505426
0.49908335952864047
0.41065526520663637
-0.7652988258943371
0.043556631187282376
-0.5419202300840873
-0.17496613262992752
-0.08116491591658531
0.6887796335843333
0.13326101225918635
-0.21490645143049958
0.5725457822640778
-1.1181201772799587
0.2237165922299992
0.32291299981595284
-0.8057667556093391
1.2561016414902448
6.096418486884995
end